-1 -1 -1
147 147 147
171 171 171
111 111 111
69 113 145
93 127 152
48 96 130
199 199 199
122 122 122
255 193 7
255 153 0
255 86 34
117 117 117
217 217 217
184 184 184
145 145 145
151 150 153
130 130 130
138 138 138
141 140 143
120 120 120
97 97 97
88 88 88
133 132 135
204 204 204
119 119 120
112 111 112
113 112 115
161 161 161
196 196 196
95 185 216
83 182 216
71 177 214
77 76 76
10 19 26
74 122 156
36 80 110
55 55 55
34 34 34
67 66 66
255 214 89
255 230 152
48 48 48
18 18 18
23 23 23
10 10 10
255 238 186
255 247 224
255 132 38
